ITEM
2230	0	0
270735	S	7904,14951070
270736	S	7904,14951071
270737	S	7904,14951072
270738	S	7904,14951073
270739	S	7904,14951074
270740	S	7904,14951075
270741	S	7904,14951076
270742	S	7904,14951077
270743	S	7904,14951078
270744	S	7904,14951079
270745	S	7904,14951080
270746	S	7904,14951081
270747	S	7904,14951082
270748	S	7904,14951083
270749	S	7904,14951084
270750	S	7904,14951085
270751	S	7904,14951086
270752	S	7904,14951087
270753	S	7904,14951088
270754	S	7904,14951089
270755	S	7904,14951090
270756	S	7904,14951091
270757	S	7904,14951092
270758	S	7904,14951093
270759	S	7904,14951094
270760	S	7904,14951095
270761	S	7904,14951096
270762	S	7904,14951097
270763	S	7904,14951098
270764	S	7904,14951099
270765	S	7904,14951100
270766	S	7904,14951101
270767	S	7904,14951102
270768	S	7904,14951103
270769	S	7904,14951104
270770	S	7904,14951105
270771	S	7904,14951106
270772	S	7904,14951107
270773	S	7904,14951108
270774	S	7904,14951109
270775	S	7905,14951030
270776	S	7905,14951031
270777	S	7905,14951032
270778	S	7905,14951033
270779	S	7905,14951034
270780	S	7905,14951035
270781	S	7905,14951036
270782	S	7905,14951037
270783	S	7905,14951038
270784	S	7905,14951039
270785	S	7905,14951040
270786	S	7905,14951041
270787	S	7905,14951042
270788	S	7905,14951043
270789	S	7905,14951044
270790	S	7905,14951045
270791	S	7905,14951046
270792	S	7905,14951047
270793	S	7905,14951048
270794	S	7905,14951049
270795	S	7905,14951050
270796	S	7905,14951051
270797	S	7905,14951052
270798	S	7905,14951053
270799	S	7905,14951054
270800	S	7905,14951055
270801	S	7905,14951056
270802	S	7905,14951057
270803	S	7905,14951058
270804	S	7905,14951059
270805	S	7905,14951060
270806	S	7905,14951061
270807	S	7905,14951062
270808	S	7905,14951063
270809	S	7905,14951064
270810	S	7905,14951065
270811	S	7905,14951066
270812	S	7905,14951067
270813	S	7905,14951068
270814	S	7905,14951069
270815	S	7929,14950950
270816	S	7929,14950951
270817	S	7929,14950952
270818	S	7929,14950953
270819	S	7929,14950954
270820	S	7929,14950955
270821	S	7929,14950956
270822	S	7929,14950957
270823	S	7929,14950958
270824	S	7929,14950959
270825	S	7929,14950960
270826	S	7929,14950961
270827	S	7929,14950962
270828	S	7929,14950963
270829	S	7929,14950964
270830	S	7929,14950965
270831	S	7929,14950966
270832	S	7929,14950967
270833	S	7929,14950968
270834	S	7929,14950969
270835	S	7929,14950970
270836	S	7929,14950971
270837	S	7929,14950972
270838	S	7929,14950973
270839	S	7950,14951006
270840	S	7950,14951007
270841	S	7950,14951008
270842	S	7950,14951009
270843	S	7950,14951010
270844	S	7950,14951011
270845	S	7950,14951012
270846	S	7950,14951013
270847	S	7950,14951014
270848	S	7950,14951015
270849	S	7950,14951016
270850	S	7950,14951017
270851	S	7950,14951018
270852	S	7950,14951019
270853	S	7950,14951020
270854	S	7950,14951021
270855	S	7950,14951022
270856	S	7950,14951023
270857	S	7950,14951024
270858	S	7950,14951025
270859	S	7950,14951026
270860	S	7950,14951027
270861	S	7950,14951028
270862	S	7950,14951029
270863	S	7951,14951110
270864	S	7951,14951111
270865	S	7951,14951112
270866	S	7951,14951113
270867	S	7951,14951114
270868	S	7951,14951115
270869	S	7951,14951116
270870	S	7951,14951117
270871	S	7951,14951118
270872	S	7951,14951119
270873	S	7951,14951120
270874	S	7951,14951121
270875	S	7951,14951122
270876	S	7951,14951123
270877	S	7951,14951124
270878	S	7951,14951125
270879	S	7951,14951126
270880	S	7951,14951127
270881	S	7951,14951128
270882	S	7951,14951129
270883	S	7951,14951130
270884	S	7951,14951131
270885	S	7951,14951132
270886	S	7951,14951133
270887	S	7952,14951134
270888	S	7952,14951135
270889	S	7952,14951136
270890	S	7952,14951137
270891	S	7952,14951138
270892	S	7952,14951139
270893	S	7952,14951140
270894	S	7952,14951141
270895	S	7952,14951142
270896	S	7952,14951143
270897	S	7952,14951144
270898	S	7952,14951145
270899	S	7952,14951146
270900	S	7952,14951147
270901	S	7952,14951148
270902	S	7952,14951149
270903	S	7952,14951150
270904	S	7952,14951151
270905	S	7952,14951152
270906	S	7952,14951153
270907	S	7952,14951154
270908	S	7952,14951155
270909	S	7952,14951156
270910	S	7952,14951157
271191	S	7969,14950934
271192	S	7969,14950935
271193	S	7969,14950936
271194	S	7969,14950937
271195	S	7969,14950938
271196	S	7969,14950939
271197	S	7969,14950940
271198	S	7969,14950941
271199	S	7969,14950942
271200	S	7969,14950943
271201	S	7969,14950944
271202	S	7969,14950945
271203	S	7969,14950946
271204	S	7969,14950947
271205	S	7969,14950948
271206	S	7969,14950949
271207	S	7981,14981822
271208	S	7981,14981823
271209	S	7981,14981824
271210	S	7981,14981825
271211	S	7981,14981826
271212	S	7981,14981827
271213	S	7981,14981828
271214	S	7981,14981829
271215	S	7981,14981830
271216	S	7981,14981831
271217	S	7981,14981832
271218	S	7981,14981833
271219	S	7981,14981834
271220	S	7981,14981835
271221	S	7981,14981836
271222	S	7981,14981837
271223	S	7981,14981838
271224	S	7981,14981839
271225	S	7981,14981840
271226	S	7981,14981841
271227	S	7981,14981842
271228	S	7981,14981843
271229	S	7981,14981844
271230	S	7981,14981845
271231	S	7982,14981846
271232	S	7982,14981847
271233	S	7982,14981848
271234	S	7982,14981849
271235	S	7982,14981850
271236	S	7982,14981851
271237	S	7982,14981852
271238	S	7982,14981853
271239	S	7982,14981854
271240	S	7982,14981855
271241	S	7982,14981856
271242	S	7982,14981857
271243	S	7982,14981858
271244	S	7982,14981859
271245	S	7982,14981860
271246	S	7982,14981861
271247	S	7982,14981862
271248	S	7982,14981863
271249	S	7982,14981864
271250	S	7982,14981865
271251	S	7982,14981866
271252	S	7982,14981867
271253	S	7982,14981868
271254	S	7982,14981869
271287	S	7988,14986278
271288	S	7988,14986279
271289	S	7988,14986280
271290	S	7988,14986281
271291	S	7988,14986282
271292	S	7988,14986283
271293	S	7988,14986284
271294	S	7988,14986285
271295	S	7988,14986286
271296	S	7988,14986287
271297	S	7988,14986288
271298	S	7988,14986289
271299	S	7988,14986290
271300	S	7988,14986291
271301	S	7988,14986292
271302	S	7988,14986293
271303	S	7988,14986294
271304	S	7988,14986295
271305	S	7988,14986296
271306	S	7988,14986297
271307	S	7988,14986298
271308	S	7988,14986299
271309	S	7988,14986300
271310	S	7988,14986301
271311	S	7989,14987926
271312	S	7989,14987927
271313	S	7989,14987928
271314	S	7989,14987929
271315	S	7989,14987930
271316	S	7989,14987931
271317	S	7989,14987932
271318	S	7989,14987933
271319	S	7989,14987934
271320	S	7989,14987935
271321	S	7989,14987936
271322	S	7989,14987937
271323	S	7989,14987938
271324	S	7989,14987939
271325	S	7989,14987940
271326	S	7989,14987941
271327	S	7989,14987942
271328	S	7989,14987943
271329	S	7989,14987944
271330	S	7989,14987945
271331	S	7989,14987946
271332	S	7989,14987947
271333	S	7989,14987948
271334	S	7989,14987949
271335	S	7991,14990534
271336	S	7991,14990535
271337	S	7991,14990536
271338	S	7991,14990537
271339	S	7991,14990538
271340	S	7991,14990539
271341	S	7991,14990540
271342	S	7991,14990541
271343	S	7991,14990542
271344	S	7991,14990543
271345	S	7991,14990544
271346	S	7991,14990545
271347	S	7991,14990546
271348	S	7991,14990547
271349	S	7991,14990548
271350	S	7991,14990549
271351	S	7991,14990550
271352	S	7991,14990551
271353	S	7991,14990552
271354	S	7991,14990553
271355	S	7991,14990554
271356	S	7991,14990555
271357	S	7991,14990556
271358	S	7991,14990557
271359	S	7992,14993134
271360	S	7992,14993135
271361	S	7992,14993136
271362	S	7992,14993137
271363	S	7992,14993138
271364	S	7992,14993139
271365	S	7992,14993140
271366	S	7992,14993141
271367	S	7992,14993142
271368	S	7992,14993143
271369	S	7992,14993144
271370	S	7992,14993145
271371	S	7992,14993146
271372	S	7992,14993147
271373	S	7992,14993148
271374	S	7992,14993149
271375	S	7992,14993150
271376	S	7992,14993151
271377	S	7992,14993152
271378	S	7992,14993153
271379	S	7992,14993154
271380	S	7992,14993155
271381	S	7992,14993156
271382	S	7992,14993157
271383	S	7993,14996894
271384	S	7993,14996895
271385	S	7993,14996896
271386	S	7993,14996897
271387	S	7993,14996898
271388	S	7993,14996899
271389	S	7993,14996900
271390	S	7993,14996901
271391	S	7993,14996902
271392	S	7993,14996903
271393	S	7993,14996904
271394	S	7993,14996905
271395	S	7993,14996906
271396	S	7993,14996907
271397	S	7993,14996908
271398	S	7993,14996909
271399	S	7993,14996910
271400	S	7993,14996911
271401	S	7993,14996912
271402	S	7993,14996913
271403	S	7993,14996914
271404	S	7993,14996915
271405	S	7993,14996916
271406	S	7993,14996917
271407	S	7994,14998726
271408	S	7994,14998727
271409	S	7994,14998728
271410	S	7994,14998729
271411	S	7994,14998730
271412	S	7994,14998731
271413	S	7994,14998732
271414	S	7994,14998733
271415	S	7994,14998734
271416	S	7994,14998735
271417	S	7994,14998736
271418	S	7994,14998737
271419	S	7994,14998738
271420	S	7994,14998739
271421	S	7994,14998740
271422	S	7994,14998741
271423	S	7994,14998742
271424	S	7994,14998743
271425	S	7994,14998744
271426	S	7994,14998745
271427	S	7994,14998746
271428	S	7994,14998747
271429	S	7994,14998748
271430	S	7994,14998749
271431	S	7936,15010790
271432	S	7936,15010791
271433	S	7936,15010792
271434	S	7936,15010793
271435	S	7936,15010794
271436	S	7936,15010795
271437	S	7936,15010796
271438	S	7936,15010797
271439	S	7936,15010798
271440	S	7936,15010799
271441	S	7936,15010800
271442	S	7936,15010801
271443	S	7936,15010802
271444	S	7936,15010803
271445	S	7936,15010804
271446	S	7936,15010805
271447	S	7936,15010806
271448	S	7936,15010807
271449	S	7936,15010808
271450	S	7936,15010809
271451	S	7936,15010810
271452	S	7936,15010811
271453	S	7936,15010812
271454	S	7936,15010813
271455	S	7955,15010814
271456	S	7955,15010815
271457	S	7955,15010816
271458	S	7955,15010817
271459	S	7955,15010818
271460	S	7955,15010819
271461	S	7955,15010820
271462	S	7955,15010821
271463	S	7955,15010822
271464	S	7955,15010823
271465	S	7955,15010824
271466	S	7955,15010825
271467	S	7955,15010826
271468	S	7955,15010827
271469	S	7955,15010828
271470	S	7955,15010829
271471	S	7955,15010830
271472	S	7955,15010831
271473	S	7955,15010832
271474	S	7955,15010833
271475	S	7955,15010834
271476	S	7955,15010835
271477	S	7955,15010836
271478	S	7955,15010837
271479	S	7960,15010902
271480	S	7960,15010903
271481	S	7960,15010904
271482	S	7960,15010905
271483	S	7960,15010906
271484	S	7960,15010907
271485	S	7960,15010908
271486	S	7960,15010909
271487	S	7960,15010910
271488	S	7960,15010911
271489	S	7960,15010912
271490	S	7960,15010913
271491	S	7960,15010914
271492	S	7960,15010915
271493	S	7960,15010916
271494	S	7960,15010917
271495	S	7960,15010918
271496	S	7960,15010919
271497	S	7960,15010920
271498	S	7960,15010921
271499	S	7960,15010922
271500	S	7960,15010923
271501	S	7960,15010924
271502	S	7960,15010925
271503	S	7961,15008270
271504	S	7961,15008271
271505	S	7961,15008272
271506	S	7961,15008273
271507	S	7961,15008274
271508	S	7961,15008275
271509	S	7961,15008276
271510	S	7961,15008277
271511	S	7961,15008278
271512	S	7961,15008279
271513	S	7961,15008280
271514	S	7961,15008281
271515	S	7961,15008282
271516	S	7961,15008283
271517	S	7961,15008284
271518	S	7961,15008285
271519	S	7961,15008286
271520	S	7961,15008287
271521	S	7961,15008288
271522	S	7961,15008289
271523	S	7961,15008290
271524	S	7961,15008291
271525	S	7961,15008292
271526	S	7961,15008293
271527	S	7970,15010862
271528	S	7970,15010863
271529	S	7970,15010864
271530	S	7970,15010865
271531	S	7970,15010866
271532	S	7970,15010867
271533	S	7970,15010868
271534	S	7970,15010869
271535	S	7970,15010870
271536	S	7970,15010871
271537	S	7970,15010872
271538	S	7970,15010873
271539	S	7970,15010874
271540	S	7970,15010875
271541	S	7970,15010876
271542	S	7970,15010877
271543	S	7970,15010878
271544	S	7970,15010879
271545	S	7970,15010880
271546	S	7970,15010881
271547	S	7970,15010882
271548	S	7970,15010883
271549	S	7970,15010884
271550	S	7970,15010885
271551	S	7970,15010886
271552	S	7970,15010887
271553	S	7970,15010888
271554	S	7970,15010889
271555	S	7970,15010890
271556	S	7970,15010891
271557	S	7970,15010892
271558	S	7970,15010893
271559	S	7970,15010894
271560	S	7970,15010895
271561	S	7970,15010896
271562	S	7970,15010897
271563	S	7970,15010898
271564	S	7970,15010899
271565	S	7970,15010900
271566	S	7970,15010901
271567	S	7987,15010838
271568	S	7987,15010839
271569	S	7987,15010840
271570	S	7987,15010841
271571	S	7987,15010842
271572	S	7987,15010843
271573	S	7987,15010844
271574	S	7987,15010845
271575	S	7987,15010846
271576	S	7987,15010847
271577	S	7987,15010848
271578	S	7987,15010849
271579	S	7987,15010850
271580	S	7987,15010851
271581	S	7987,15010852
271582	S	7987,15010853
271583	S	7987,15010854
271584	S	7987,15010855
271585	S	7987,15010856
271586	S	7987,15010857
271587	S	7987,15010858
271588	S	7987,15010859
271589	S	7987,15010860
271590	S	7987,15010861
271591	S	7990,15010766
271592	S	7990,15010767
271593	S	7990,15010768
271594	S	7990,15010769
271595	S	7990,15010770
271596	S	7990,15010771
271597	S	7990,15010772
271598	S	7990,15010773
271599	S	7990,15010774
271600	S	7990,15010775
271601	S	7990,15010776
271602	S	7990,15010777
271603	S	7990,15010778
271604	S	7990,15010779
271605	S	7990,15010780
271606	S	7990,15010781
271607	S	7990,15010782
271608	S	7990,15010783
271609	S	7990,15010784
271610	S	7990,15010785
271611	S	7990,15010786
271612	S	7990,15010787
271613	S	7990,15010788
271614	S	7990,15010789
272319	S	7695,15054908
272320	S	7695,15054909
272321	S	7695,15054910
272322	S	7695,15054911
272323	S	7695,15054912
272324	S	7695,15054913
272325	S	7695,15054914
272326	S	7695,15054915
272327	S	7695,15054916
272328	S	7695,15054917
272329	S	7695,15054918
272330	S	7695,15054919
272331	S	7695,15054920
272332	S	7695,15054921
272333	S	7695,15054922
272334	S	7695,15054923
272335	S	7695,15054924
272336	S	7695,15054925
272337	S	7695,15054926
272338	S	7695,15054927
272339	S	7695,15054928
272340	S	7695,15054929
272341	S	7695,15054930
272342	S	7695,15054931
272343	S	7984,15055052
272344	S	7984,15055053
272345	S	7984,15055054
272346	S	7984,15055055
272347	S	7984,15055056
272348	S	7984,15055057
272349	S	7984,15055058
272350	S	7984,15055059
272351	S	7984,15055060
272352	S	7984,15055061
272353	S	7984,15055062
272354	S	7984,15055063
272355	S	7984,15055064
272356	S	7984,15055065
272357	S	7984,15055066
272358	S	7984,15055067
272359	S	7984,15055068
272360	S	7984,15055069
272361	S	7984,15055070
272362	S	7984,15055071
272363	S	7984,15055072
272364	S	7984,15055073
272365	S	7984,15055074
272366	S	7984,15055075
272367	S	7984,15055076
272368	S	7984,15055077
272369	S	7984,15055078
272370	S	7984,15055079
272371	S	7984,15055080
272372	S	7984,15055081
272373	S	7984,15055082
272374	S	7984,15055083
272375	S	7984,15055084
272376	S	7984,15055085
272377	S	7984,15055086
272378	S	7984,15055087
272379	S	7984,15055088
272380	S	7984,15055089
272381	S	7984,15055090
272382	S	7984,15055091
272383	S	7985,15054988
272384	S	7985,15054989
272385	S	7985,15054990
272386	S	7985,15054991
272387	S	7985,15054992
272388	S	7985,15054993
272389	S	7985,15054994
272390	S	7985,15054995
272391	S	7985,15054996
272392	S	7985,15054997
272393	S	7985,15054998
272394	S	7985,15054999
272395	S	7985,15055000
272396	S	7985,15055001
272397	S	7985,15055002
272398	S	7985,15055003
272399	S	7985,15055004
272400	S	7985,15055005
272401	S	7985,15055006
272402	S	7985,15055007
272403	S	7985,15055008
272404	S	7985,15055009
272405	S	7985,15055010
272406	S	7985,15055011
272407	S	7985,15055012
272408	S	7985,15055013
272409	S	7985,15055014
272410	S	7985,15055015
272411	S	7985,15055016
272412	S	7985,15055017
272413	S	7985,15055018
272414	S	7985,15055019
272415	S	7985,15055020
272416	S	7985,15055021
272417	S	7985,15055022
272418	S	7985,15055023
272419	S	7985,15055024
272420	S	7985,15055025
272421	S	7985,15055026
272422	S	7985,15055027
272423	S	7986,15055092
272424	S	7986,15055093
272425	S	7986,15055094
272426	S	7986,15055095
272427	S	7986,15055096
272428	S	7986,15055097
272429	S	7986,15055098
272430	S	7986,15055099
272431	S	7986,15055100
272432	S	7986,15055101
272433	S	7986,15055102
272434	S	7986,15055103
272435	S	7986,15055104
272436	S	7986,15055105
272437	S	7986,15055106
272438	S	7986,15055107
272439	S	7986,15055108
272440	S	7986,15055109
272441	S	7986,15055110
272442	S	7986,15055111
272443	S	7986,15055112
272444	S	7986,15055113
272445	S	7986,15055114
272446	S	7986,15055115
272447	S	7986,15055116
272448	S	7986,15055117
272449	S	7986,15055118
272450	S	7986,15055119
272451	S	7986,15055120
272452	S	7986,15055121
272453	S	7986,15055122
272454	S	7986,15055123
272455	S	7986,15055124
272456	S	7986,15055125
272457	S	7986,15055126
272458	S	7986,15055127
272459	S	7986,15055128
272460	S	7986,15055129
272461	S	7986,15055130
272462	S	7986,15055131
272463	S	8005,15054940
272464	S	8005,15054941
272465	S	8005,15054942
272466	S	8005,15054943
272467	S	8005,15054944
272468	S	8005,15054945
272469	S	8005,15054946
272470	S	8005,15054947
272471	S	8005,15054948
272472	S	8005,15054949
272473	S	8005,15054950
272474	S	8005,15054951
272475	S	8005,15054952
272476	S	8005,15054953
272477	S	8005,15054954
272478	S	8005,15054955
272479	S	8005,15054956
272480	S	8005,15054957
272481	S	8005,15054958
272482	S	8005,15054959
272483	S	8005,15054960
272484	S	8005,15054961
272485	S	8005,15054962
272486	S	8005,15054963
272487	S	8006,15054964
272488	S	8006,15054965
272489	S	8006,15054966
272490	S	8006,15054967
272491	S	8006,15054968
272492	S	8006,15054969
272493	S	8006,15054970
272494	S	8006,15054971
272495	S	8006,15054972
272496	S	8006,15054973
272497	S	8006,15054974
272498	S	8006,15054975
272499	S	8006,15054976
272500	S	8006,15054977
272501	S	8006,15054978
272502	S	8006,15054979
272503	S	8006,15054980
272504	S	8006,15054981
272505	S	8006,15054982
272506	S	8006,15054983
272507	S	8006,15054984
272508	S	8006,15054985
272509	S	8006,15054986
272510	S	8006,15054987
272511	S	8007,15055028
272512	S	8007,15055029
272513	S	8007,15055030
272514	S	8007,15055031
272515	S	8007,15055032
272516	S	8007,15055033
272517	S	8007,15055034
272518	S	8007,15055035
272519	S	8007,15055036
272520	S	8007,15055037
272521	S	8007,15055038
272522	S	8007,15055039
272523	S	8007,15055040
272524	S	8007,15055041
272525	S	8007,15055042
272526	S	8007,15055043
272527	S	8007,15055044
272528	S	8007,15055045
272529	S	8007,15055046
272530	S	8007,15055047
272531	S	8007,15055048
272532	S	8007,15055049
272533	S	8007,15055050
272534	S	8007,15055051
272535	S	8008,15055132
272536	S	8008,15055133
272537	S	8008,15055134
272538	S	8008,15055135
272539	S	8008,15055136
272540	S	8008,15055137
272541	S	8008,15055138
272542	S	8008,15055139
272543	S	8008,15055140
272544	S	8008,15055141
272545	S	8008,15055142
272546	S	8008,15055143
272547	S	8008,15055144
272548	S	8008,15055145
272549	S	8008,15055146
272550	S	8008,15055147
272551	S	8008,15055148
272552	S	8008,15055149
272553	S	8008,15055150
272554	S	8008,15055151
272555	S	8008,15055152
272556	S	8008,15055153
272557	S	8008,15055154
272558	S	8008,15055155
272887	S	7999,15083956
272888	S	7999,15083957
272889	S	7999,15083958
272890	S	7999,15083959
272891	S	7999,15083960
272892	S	7999,15083961
272893	S	7999,15083962
272894	S	7999,15083963
272895	S	7999,15083964
272896	S	7999,15083965
272897	S	7999,15083966
272898	S	7999,15083967
272899	S	7999,15083968
272900	S	7999,15083969
272901	S	7999,15083970
272902	S	7999,15083971
272903	S	7999,15083972
272904	S	7999,15083973
272905	S	7999,15083974
272906	S	7999,15083975
272907	S	7999,15083976
272908	S	7999,15083977
272909	S	7999,15083978
272910	S	7999,15083979
272911	S	8011,15083980
272912	S	8011,15083981
272913	S	8011,15083982
272914	S	8011,15083983
272915	S	8011,15083984
272916	S	8011,15083985
272917	S	8011,15083986
272918	S	8011,15083987
272919	S	8011,15083988
272920	S	8011,15083989
272921	S	8011,15083990
272922	S	8011,15083991
272923	S	8011,15083992
272924	S	8011,15083993
272925	S	8011,15083994
272926	S	8011,15083995
272927	S	8011,15083996
272928	S	8011,15083997
272929	S	8011,15083998
272930	S	8011,15083999
272931	S	8011,15084000
272932	S	8011,15084001
272933	S	8011,15084002
272934	S	8011,15084003
272935	S	8012,15083908
272936	S	8012,15083909
272937	S	8012,15083910
272938	S	8012,15083911
272939	S	8012,15083912
272940	S	8012,15083913
272941	S	8012,15083914
272942	S	8012,15083915
272943	S	8012,15083916
272944	S	8012,15083917
272945	S	8012,15083918
272946	S	8012,15083919
272947	S	8012,15083920
272948	S	8012,15083921
272949	S	8012,15083922
272950	S	8012,15083923
272951	S	8012,15083924
272952	S	8012,15083925
272953	S	8012,15083926
272954	S	8012,15083927
272955	S	8012,15083928
272956	S	8012,15083929
272957	S	8012,15083930
272958	S	8012,15083931
272959	S	8013,15084004
272960	S	8013,15084005
272961	S	8013,15084006
272962	S	8013,15084007
272963	S	8013,15084008
272964	S	8013,15084009
272965	S	8013,15084010
272966	S	8013,15084011
272967	S	8013,15084012
272968	S	8013,15084013
272969	S	8013,15084014
272970	S	8013,15084015
272971	S	8013,15084016
272972	S	8013,15084017
272973	S	8013,15084018
272974	S	8013,15084019
272975	S	8013,15084020
272976	S	8013,15084021
272977	S	8013,15084022
272978	S	8013,15084023
272979	S	8013,15084024
272980	S	8013,15084025
272981	S	8013,15084026
272982	S	8013,15084027
272983	S	8014,15083932
272984	S	8014,15083933
272985	S	8014,15083934
272986	S	8014,15083935
272987	S	8014,15083936
272988	S	8014,15083937
272989	S	8014,15083938
272990	S	8014,15083939
272991	S	8014,15083940
272992	S	8014,15083941
272993	S	8014,15083942
272994	S	8014,15083943
272995	S	8014,15083944
272996	S	8014,15083945
272997	S	8014,15083946
272998	S	8014,15083947
272999	S	8014,15083948
273000	S	8014,15083949
273001	S	8014,15083950
273002	S	8014,15083951
273003	S	8014,15083952
273004	S	8014,15083953
273005	S	8014,15083954
273006	S	8014,15083955
273007	S	8034,15084028
273008	S	8034,15084029
273009	S	8034,15084030
273010	S	8034,15084031
273011	S	8034,15084032
273012	S	8034,15084033
273013	S	8034,15084034
273014	S	8034,15084035
273015	S	8034,15084036
273016	S	8034,15084037
273017	S	8034,15084038
273018	S	8034,15084039
273019	S	8034,15084040
273020	S	8034,15084041
273021	S	8034,15084042
273022	S	8034,15084043
273023	S	8034,15084044
273024	S	8034,15084045
273025	S	8034,15084046
273026	S	8034,15084047
273027	S	8034,15084048
273028	S	8034,15084049
273029	S	8034,15084050
273030	S	8034,15084051
273031	S	8035,15084052
273032	S	8035,15084053
273033	S	8035,15084054
273034	S	8035,15084055
273035	S	8035,15084056
273036	S	8035,15084057
273037	S	8035,15084058
273038	S	8035,15084059
273039	S	8035,15084060
273040	S	8035,15084061
273041	S	8035,15084062
273042	S	8035,15084063
273043	S	8035,15084064
273044	S	8035,15084065
273045	S	8035,15084066
273046	S	8035,15084067
273047	S	8035,15084068
273048	S	8035,15084069
273049	S	8035,15084070
273050	S	8035,15084071
273051	S	8035,15084072
273052	S	8035,15084073
273053	S	8035,15084074
273054	S	8035,15084075
273055	S	8036,15084076
273056	S	8036,15084077
273057	S	8036,15084078
273058	S	8036,15084079
273059	S	8036,15084080
273060	S	8036,15084081
273061	S	8036,15084082
273062	S	8036,15084083
273063	S	8036,15084084
273064	S	8036,15084085
273065	S	8036,15084086
273066	S	8036,15084087
273067	S	8036,15084088
273068	S	8036,15084089
273069	S	8036,15084090
273070	S	8036,15084091
273071	S	8036,15084092
273072	S	8036,15084093
273073	S	8036,15084094
273074	S	8036,15084095
273075	S	8036,15084096
273076	S	8036,15084097
273077	S	8036,15084098
273078	S	8036,15084099
273223	S	8037,15084148
273224	S	8037,15084149
273225	S	8037,15084150
273226	S	8037,15084151
273227	S	8037,15084152
273228	S	8037,15084153
273229	S	8037,15084154
273230	S	8037,15084155
273231	S	8037,15084156
273232	S	8037,15084157
273233	S	8037,15084158
273234	S	8037,15084159
273235	S	8037,15084160
273236	S	8037,15084161
273237	S	8037,15084162
273238	S	8037,15084163
273239	S	8037,15084164
273240	S	8037,15084165
273241	S	8037,15084166
273242	S	8037,15084167
273243	S	8037,15084168
273244	S	8037,15084169
273245	S	8037,15084170
273246	S	8037,15084171
273247	S	8038,15084172
273248	S	8038,15084173
273249	S	8038,15084174
273250	S	8038,15084175
273251	S	8038,15084176
273252	S	8038,15084177
273253	S	8038,15084178
273254	S	8038,15084179
273255	S	8038,15084180
273256	S	8038,15084181
273257	S	8038,15084182
273258	S	8038,15084183
273259	S	8038,15084184
273260	S	8038,15084185
273261	S	8038,15084186
273262	S	8038,15084187
273263	S	8038,15084188
273264	S	8038,15084189
273265	S	8038,15084190
273266	S	8038,15084191
273267	S	8038,15084192
273268	S	8038,15084193
273269	S	8038,15084194
273270	S	8038,15084195
273271	S	8039,15084196
273272	S	8039,15084197
273273	S	8039,15084198
273274	S	8039,15084199
273275	S	8039,15084200
273276	S	8039,15084201
273277	S	8039,15084202
273278	S	8039,15084203
273279	S	8039,15084204
273280	S	8039,15084205
273281	S	8039,15084206
273282	S	8039,15084207
273283	S	8039,15084208
273284	S	8039,15084209
273285	S	8039,15084210
273286	S	8039,15084211
273287	S	8039,15084212
273288	S	8039,15084213
273289	S	8039,15084214
273290	S	8039,15084215
273291	S	8039,15084216
273292	S	8039,15084217
273293	S	8039,15084218
273294	S	8039,15084219
273295	S	8041,15084220
273296	S	8041,15084221
273297	S	8041,15084222
273298	S	8041,15084223
273299	S	8041,15084224
273300	S	8041,15084225
273301	S	8041,15084226
273302	S	8041,15084227
273303	S	8041,15084228
273304	S	8041,15084229
273305	S	8041,15084230
273306	S	8041,15084231
273307	S	8041,15084232
273308	S	8041,15084233
273309	S	8041,15084234
273310	S	8041,15084235
273311	S	8041,15084236
273312	S	8041,15084237
273313	S	8041,15084238
273314	S	8041,15084239
273315	S	8041,15084240
273316	S	8041,15084241
273317	S	8041,15084242
273318	S	8041,15084243
273319	S	8042,15084284
273320	S	8042,15084285
273321	S	8042,15084286
273322	S	8042,15084287
273323	S	8042,15084288
273324	S	8042,15084289
273325	S	8042,15084290
273326	S	8042,15084291
273327	S	8042,15084292
273328	S	8042,15084293
273329	S	8042,15084294
273330	S	8042,15084295
273331	S	8042,15084296
273332	S	8042,15084297
273333	S	8042,15084298
273334	S	8042,15084299
273335	S	8042,15084300
273336	S	8042,15084301
273337	S	8042,15084302
273338	S	8042,15084303
273339	S	8042,15084304
273340	S	8042,15084305
273341	S	8042,15084306
273342	S	8042,15084307
273343	S	8043,15084244
273344	S	8043,15084245
273345	S	8043,15084246
273346	S	8043,15084247
273347	S	8043,15084248
273348	S	8043,15084249
273349	S	8043,15084250
273350	S	8043,15084251
273351	S	8043,15084252
273352	S	8043,15084253
273353	S	8043,15084254
273354	S	8043,15084255
273355	S	8043,15084256
273356	S	8043,15084257
273357	S	8043,15084258
273358	S	8043,15084259
273359	S	8043,15084260
273360	S	8043,15084261
273361	S	8043,15084262
273362	S	8043,15084263
273363	S	8043,15084264
273364	S	8043,15084265
273365	S	8043,15084266
273366	S	8043,15084267
273367	S	8043,15084268
273368	S	8043,15084269
273369	S	8043,15084270
273370	S	8043,15084271
273371	S	8043,15084272
273372	S	8043,15084273
273373	S	8043,15084274
273374	S	8043,15084275
273375	S	8043,15084276
273376	S	8043,15084277
273377	S	8043,15084278
273378	S	8043,15084279
273379	S	8043,15084280
273380	S	8043,15084281
273381	S	8043,15084282
273382	S	8043,15084283
273927	S	8049,15158620
273928	S	8049,15158621
273929	S	8049,15158622
273930	S	8049,15158623
273931	S	8049,15158624
273932	S	8049,15158625
273933	S	8049,15158626
273934	S	8049,15158627
273935	S	8049,15158628
273936	S	8049,15158629
273937	S	8049,15158630
273938	S	8049,15158631
273939	S	8049,15158632
273940	S	8049,15158633
273941	S	8049,15158634
273942	S	8049,15158635
273943	S	8049,15158636
273944	S	8049,15158637
273945	S	8049,15158638
273946	S	8049,15158639
273947	S	8049,15158640
273948	S	8049,15158641
273949	S	8049,15158642
273950	S	8049,15158643
273951	S	8049,15158644
273952	S	8049,15158645
273953	S	8049,15158646
273954	S	8049,15158647
273955	S	8049,15158648
273956	S	8049,15158649
273957	S	8049,15158650
273958	S	8049,15158651
273959	S	8049,15158652
273960	S	8049,15158653
273961	S	8049,15158654
273962	S	8049,15158655
273963	S	8049,15158656
273964	S	8049,15158657
273965	S	8049,15158658
273966	S	8049,15158659
273967	S	8050,15158660
273968	S	8050,15158661
273969	S	8050,15158662
273970	S	8050,15158663
273971	S	8050,15158664
273972	S	8050,15158665
273973	S	8050,15158666
273974	S	8050,15158667
273975	S	8050,15158668
273976	S	8050,15158669
273977	S	8050,15158670
273978	S	8050,15158671
273979	S	8050,15158672
273980	S	8050,15158673
273981	S	8050,15158674
273982	S	8050,15158675
273983	S	8050,15158676
273984	S	8050,15158677
273985	S	8050,15158678
273986	S	8050,15158679
273987	S	8050,15158680
273988	S	8050,15158681
273989	S	8050,15158682
273990	S	8050,15158683
274175	S	7743,15171524
274176	S	7743,15171525
274177	S	7743,15171526
274178	S	7743,15171527
274179	S	7743,15171528
274180	S	7743,15171529
274181	S	7743,15171530
274182	S	7743,15171531
274183	S	7743,15171532
274184	S	7743,15171533
274185	S	7743,15171534
274186	S	7743,15171535
274187	S	7743,15171536
274188	S	7743,15171537
274189	S	7743,15171538
274190	S	7743,15171539
274191	S	7983,15162716
274192	S	7983,15162717
274193	S	7983,15162718
274194	S	7983,15162719
274195	S	7983,15162720
274196	S	7983,15162721
274197	S	7983,15162722
274198	S	7983,15162723
274199	S	7983,15162724
274200	S	7983,15162725
274201	S	7983,15162726
274202	S	7983,15162727
274203	S	7983,15162728
274204	S	7983,15162729
274205	S	7983,15162730
274206	S	7983,15162731
274207	S	7983,15162732
274208	S	7983,15162733
274209	S	7983,15162734
274210	S	7983,15162735
274211	S	7983,15162736
274212	S	7983,15162737
274213	S	7983,15162738
274214	S	7983,15162739
274215	S	8048,15158796
274216	S	8048,15158797
274217	S	8048,15158798
274218	S	8048,15158799
274219	S	8048,15158800
274220	S	8048,15158801
274221	S	8048,15158802
274222	S	8048,15158803
274223	S	8048,15158804
274224	S	8048,15158805
274225	S	8048,15158806
274226	S	8048,15158807
274227	S	8048,15158808
274228	S	8048,15158809
274229	S	8048,15158810
274230	S	8048,15158811
274231	S	8048,15158812
274232	S	8048,15158813
274233	S	8048,15158814
274234	S	8048,15158815
274235	S	8048,15158816
274236	S	8048,15158817
274237	S	8048,15158818
274238	S	8048,15158819
274239	S	8052,15182972
274240	S	8052,15182973
274241	S	8052,15182974
274242	S	8052,15182975
274243	S	8052,15182976
274244	S	8052,15182977
274245	S	8052,15182978
274246	S	8052,15182979
274247	S	8052,15182980
274248	S	8052,15182981
274249	S	8052,15182982
274250	S	8052,15182983
274251	S	8052,15182984
274252	S	8052,15182985
274253	S	8052,15182986
274254	S	8052,15182987
274255	S	8052,15182988
274256	S	8052,15182989
274257	S	8052,15182990
274258	S	8052,15182991
274259	S	8052,15182992
274260	S	8052,15182993
274261	S	8052,15182994
274262	S	8052,15182995
274263	S	8053,15178252
274264	S	8053,15178253
274265	S	8053,15178254
274266	S	8053,15178255
274267	S	8053,15178256
274268	S	8053,15178257
274269	S	8053,15178258
274270	S	8053,15178259
274271	S	8053,15178260
274272	S	8053,15178261
274273	S	8053,15178262
274274	S	8053,15178263
274275	S	8053,15178264
274276	S	8053,15178265
274277	S	8053,15178266
274278	S	8053,15178267
274279	S	8053,15178268
274280	S	8053,15178269
274281	S	8053,15178270
274282	S	8053,15178271
274283	S	8053,15178272
274284	S	8053,15178273
274285	S	8053,15178274
274286	S	8053,15178275
274287	S	8055,15176900
274288	S	8055,15176901
274289	S	8055,15176902
274290	S	8055,15176903
274291	S	8055,15176904
274292	S	8055,15176905
274293	S	8055,15176906
274294	S	8055,15176907
274295	S	8055,15176908
274296	S	8055,15176909
274297	S	8055,15176910
274298	S	8055,15176911
274299	S	8055,15176912
274300	S	8055,15176913
274301	S	8055,15176914
274302	S	8055,15176915
274303	S	8055,15176916
274304	S	8055,15176917
274305	S	8055,15176918
274306	S	8055,15176919
274307	S	8055,15176920
274308	S	8055,15176921
274309	S	8055,15176922
274310	S	8055,15176923
274311	S	8058,15175788
274312	S	8058,15175789
274313	S	8058,15175790
274314	S	8058,15175791
274315	S	8058,15175792
274316	S	8058,15175793
274317	S	8058,15175794
274318	S	8058,15175795
274319	S	8058,15175796
274320	S	8058,15175797
274321	S	8058,15175798
274322	S	8058,15175799
274323	S	8058,15175800
274324	S	8058,15175801
274325	S	8058,15175802
274326	S	8058,15175803
274327	S	8058,15175804
274328	S	8058,15175805
274329	S	8058,15175806
274330	S	8058,15175807
274331	S	8058,15175808
274332	S	8058,15175809
274333	S	8058,15175810
274334	S	8058,15175811
274335	S	8059,15174428
274336	S	8059,15174429
274337	S	8059,15174430
274338	S	8059,15174431
274339	S	8059,15174432
274340	S	8059,15174433
274341	S	8059,15174434
274342	S	8059,15174435
274343	S	8059,15174436
274344	S	8059,15174437
274345	S	8059,15174438
274346	S	8059,15174439
274347	S	8059,15174440
274348	S	8059,15174441
274349	S	8059,15174442
274350	S	8059,15174443
274351	S	8059,15174444
274352	S	8059,15174445
274353	S	8059,15174446
274354	S	8059,15174447
274355	S	8059,15174448
274356	S	8059,15174449
274357	S	8059,15174450
274358	S	8059,15174451
274711	S	8016,15200636
274712	S	8016,15200637
274713	S	8016,15200638
274714	S	8016,15200639
274715	S	8016,15200640
274716	S	8016,15200641
274717	S	8016,15200642
274718	S	8016,15200643
274719	S	8016,15200644
274720	S	8016,15200645
274721	S	8016,15200646
274722	S	8016,15200647
274723	S	8016,15200648
274724	S	8016,15200649
274725	S	8016,15200650
274726	S	8016,15200651
274727	S	8016,15200652
274728	S	8016,15200653
274729	S	8016,15200654
274730	S	8016,15200655
274731	S	8016,15200656
274732	S	8016,15200657
274733	S	8016,15200658
274734	S	8016,15200659
274735	S	8016,15200660
274736	S	8016,15200661
274737	S	8016,15200662
274738	S	8016,15200663
274739	S	8016,15200664
274740	S	8016,15200665
274741	S	8016,15200666
274742	S	8016,15200667
274743	S	8016,15200668
274744	S	8016,15200669
274745	S	8016,15200670
274746	S	8016,15200671
274747	S	8016,15200672
274748	S	8016,15200673
274749	S	8016,15200674
274750	S	8016,15200675
274751	S	8017,15200676
274752	S	8017,15200677
274753	S	8017,15200678
274754	S	8017,15200679
274755	S	8017,15200680
274756	S	8017,15200681
274757	S	8017,15200682
274758	S	8017,15200683
274759	S	8017,15200684
274760	S	8017,15200685
274761	S	8017,15200686
274762	S	8017,15200687
274763	S	8017,15200688
274764	S	8017,15200689
274765	S	8017,15200690
274766	S	8017,15200691
274767	S	8017,15200692
274768	S	8017,15200693
274769	S	8017,15200694
274770	S	8017,15200695
274771	S	8017,15200696
274772	S	8017,15200697
274773	S	8017,15200698
274774	S	8017,15200699
274775	S	8040,15158708
274776	S	8040,15158709
274777	S	8040,15158710
274778	S	8040,15158711
274779	S	8040,15158712
274780	S	8040,15158713
274781	S	8040,15158714
274782	S	8040,15158715
274783	S	8040,15158716
274784	S	8040,15158717
274785	S	8040,15158718
274786	S	8040,15158719
274787	S	8040,15158720
274788	S	8040,15158721
274789	S	8040,15158722
274790	S	8040,15158723
274791	S	8040,15158724
274792	S	8040,15158725
274793	S	8040,15158726
274794	S	8040,15158727
274795	S	8040,15158728
274796	S	8040,15158729
274797	S	8040,15158730
274798	S	8040,15158731
274839	S	7997,15200700
274840	S	7997,15200701
274841	S	7997,15200702
274842	S	7997,15200703
274843	S	7997,15200704
274844	S	7997,15200705
274845	S	7997,15200706
274846	S	7997,15200707
274847	S	7997,15200708
274848	S	7997,15200709
274849	S	7997,15200710
274850	S	7997,15200711
274851	S	7997,15200712
274852	S	7997,15200713
274853	S	7997,15200714
274854	S	7997,15200715
274855	S	7997,15200716
274856	S	7997,15200717
274857	S	7997,15200718
274858	S	7997,15200719
274859	S	7997,15200720
274860	S	7997,15200721
274861	S	7997,15200722
274862	S	7997,15200723
274863	S	7997,15200724
274864	S	7997,15200725
274865	S	7997,15200726
274866	S	7997,15200727
274867	S	7997,15200728
274868	S	7997,15200729
274869	S	7997,15200730
274870	S	7997,15200731
274871	S	7997,15200732
274872	S	7997,15200733
274873	S	7997,15200734
274874	S	7997,15200735
274875	S	7997,15200736
274876	S	7997,15200737
274877	S	7997,15200738
274878	S	7997,15200739
274879	S	7998,15200740
274880	S	7998,15200741
274881	S	7998,15200742
274882	S	7998,15200743
274883	S	7998,15200744
274884	S	7998,15200745
274885	S	7998,15200746
274886	S	7998,15200747
274887	S	7998,15200748
274888	S	7998,15200749
274889	S	7998,15200750
274890	S	7998,15200751
274891	S	7998,15200752
274892	S	7998,15200753
274893	S	7998,15200754
274894	S	7998,15200755
274895	S	7998,15200756
274896	S	7998,15200757
274897	S	7998,15200758
274898	S	7998,15200759
274899	S	7998,15200760
274900	S	7998,15200761
274901	S	7998,15200762
274902	S	7998,15200763
274903	S	7998,15200764
274904	S	7998,15200765
274905	S	7998,15200766
274906	S	7998,15200767
274907	S	7998,15200768
274908	S	7998,15200769
274909	S	7998,15200770
274910	S	7998,15200771
274911	S	7998,15200772
274912	S	7998,15200773
274913	S	7998,15200774
274914	S	7998,15200775
274915	S	7998,15200776
274916	S	7998,15200777
274917	S	7998,15200778
274918	S	7998,15200779
274935	S	8051,15237812
274936	S	8051,15237813
274937	S	8051,15237814
274938	S	8051,15237815
274939	S	8051,15237816
274940	S	8051,15237817
274941	S	8051,15237818
274942	S	8051,15237819
274943	S	8051,15237820
274944	S	8051,15237821
274945	S	8051,15237822
274946	S	8051,15237823
274947	S	8051,15237824
274948	S	8051,15237825
274949	S	8051,15237826
274950	S	8051,15237827
274951	S	8051,15237828
274952	S	8051,15237829
274953	S	8051,15237830
274954	S	8051,15237831
274955	S	8051,15237832
274956	S	8051,15237833
274957	S	8051,15237834
274958	S	8051,15237835
274959	S	8051,15237836
274960	S	8051,15237837
274961	S	8051,15237838
274962	S	8051,15237839
274963	S	8051,15237840
274964	S	8051,15237841
274965	S	8051,15237842
274966	S	8051,15237843
274967	S	8051,15237844
274968	S	8051,15237845
274969	S	8051,15237846
274970	S	8051,15237847
274971	S	8051,15237848
274972	S	8051,15237849
274973	S	8051,15237850
274974	S	8051,15237851
274975	S	8054,15237852
274976	S	8054,15237853
274977	S	8054,15237854
274978	S	8054,15237855
274979	S	8054,15237856
274980	S	8054,15237857
274981	S	8054,15237858
274982	S	8054,15237859
274983	S	8054,15237860
274984	S	8054,15237861
274985	S	8054,15237862
274986	S	8054,15237863
274987	S	8054,15237864
274988	S	8054,15237865
274989	S	8054,15237866
274990	S	8054,15237867
274991	S	8054,15237868
274992	S	8054,15237869
274993	S	8054,15237870
274994	S	8054,15237871
274995	S	8054,15237872
274996	S	8054,15237873
274997	S	8054,15237874
274998	S	8054,15237875
275000	S	8056,15237877
275001	S	8056,15237878
275002	S	8056,15237879
275003	S	8056,15237880
275004	S	8056,15237881
275005	S	8056,15237882
275006	S	8056,15237883
275007	S	8056,15237884
275008	S	8056,15237885
275010	S	8056,15237887
275011	S	8056,15237888
275012	S	8056,15237889
275013	S	8056,15237890
275014	S	8056,15237891
275015	S	8056,15237892
275016	S	8056,15237893
275017	S	8056,15237894
275018	S	8056,15237895
275019	S	8056,15237896
275020	S	8056,15237897
275021	S	8056,15237898
275022	S	8056,15237899
275495	S	8057,15280628
275496	S	8057,15280629
275497	S	8057,15280630
275498	S	8057,15280631
275499	S	8057,15280632
275500	S	8057,15280633
275501	S	8057,15280634
275502	S	8057,15280635
275503	S	8057,15280636
275504	S	8057,15280637
275505	S	8057,15280638
275506	S	8057,15280639
275507	S	8057,15280640
275508	S	8057,15280641
275509	S	8057,15280642
275510	S	8057,15280643
275511	S	8057,15280644
275512	S	8057,15280645
275513	S	8057,15280646
275514	S	8057,15280647
275515	S	8057,15280648
275516	S	8057,15280649
275517	S	8057,15280650
275518	S	8057,15280651
275519	S	8063,15294356
275520	S	8063,15294357
275521	S	8063,15294358
275522	S	8063,15294359
275523	S	8063,15294360
275524	S	8063,15294361
275525	S	8063,15294362
275526	S	8063,15294363
275527	S	8063,15294364
275528	S	8063,15294365
275529	S	8063,15294366
275530	S	8063,15294367
275531	S	8063,15294368
275532	S	8063,15294369
275533	S	8063,15294370
275534	S	8063,15294371
275535	S	8063,15294372
275536	S	8063,15294373
275537	S	8063,15294374
275538	S	8063,15294375
275539	S	8063,15294376
275540	S	8063,15294377
275541	S	8063,15294378
275542	S	8063,15294379
275543	S	8063,15294380
275544	S	8063,15294381
275545	S	8063,15294382
275546	S	8063,15294383
275547	S	8063,15294384
275548	S	8063,15294385
275549	S	8063,15294386
275550	S	8063,15294387
275551	S	8063,15294388
275552	S	8063,15294389
275553	S	8063,15294390
275554	S	8063,15294391
275555	S	8063,15294392
275556	S	8063,15294393
275557	S	8063,15294394
275558	S	8063,15294395
275559	S	8074,15279572
275560	S	8074,15279573
275561	S	8074,15279574
275562	S	8074,15279575
275563	S	8074,15279576
275564	S	8074,15279577
275565	S	8074,15279578
275566	S	8074,15279579
275567	S	8074,15279580
275568	S	8074,15279581
275569	S	8074,15279582
275570	S	8074,15279583
275571	S	8074,15279584
275572	S	8074,15279585
275573	S	8074,15279586
275574	S	8074,15279587
275575	S	8074,15279588
275576	S	8074,15279589
275577	S	8074,15279590
275578	S	8074,15279591
275579	S	8074,15279592
275580	S	8074,15279593
275581	S	8074,15279594
275582	S	8074,15279595
275591	S	8081,15295436
275592	S	8081,15295437
275593	S	8081,15295438
275594	S	8081,15295439
275595	S	8081,15295440
275596	S	8081,15295441
275597	S	8081,15295442
275598	S	8081,15295443
275599	S	8081,15295444
275600	S	8081,15295445
275601	S	8081,15295446
275602	S	8081,15295447
275603	S	8081,15295448
275604	S	8081,15295449
275605	S	8081,15295450
275606	S	8081,15295451
275607	S	8081,15295452
275608	S	8081,15295453
275609	S	8081,15295454
275610	S	8081,15295455
275611	S	8081,15295456
275612	S	8081,15295457
275613	S	8081,15295458
275614	S	8081,15295459
275615	S	8087,15292684
275616	S	8087,15292685
275617	S	8087,15292686
275618	S	8087,15292687
275619	S	8087,15292688
275620	S	8087,15292689
275621	S	8087,15292690
275622	S	8087,15292691
275623	S	8087,15292692
275624	S	8087,15292693
275625	S	8087,15292694
275626	S	8087,15292695
275627	S	8087,15292696
275628	S	8087,15292697
275629	S	8087,15292698
275630	S	8087,15292699
275631	S	8087,15292700
275632	S	8087,15292701
275633	S	8087,15292702
275634	S	8087,15292703
275635	S	8087,15292704
275636	S	8087,15292705
275637	S	8087,15292706
275638	S	8087,15292707
275639	S	8088,15291692
275640	S	8088,15291693
275641	S	8088,15291694
275642	S	8088,15291695
275643	S	8088,15291696
275644	S	8088,15291697
275645	S	8088,15291698
275646	S	8088,15291699
275647	S	8088,15291700
275648	S	8088,15291701
275649	S	8088,15291702
275650	S	8088,15291703
275651	S	8088,15291704
275652	S	8088,15291705
275653	S	8088,15291706
275654	S	8088,15291707
275655	S	8088,15291708
275656	S	8088,15291709
275657	S	8088,15291710
275658	S	8088,15291711
275659	S	8088,15291712
275660	S	8088,15291713
275661	S	8088,15291714
275662	S	8088,15291715
275663	S	8089,15282764
275664	S	8089,15282765
275665	S	8089,15282766
275666	S	8089,15282767
275667	S	8089,15282768
275668	S	8089,15282769
275669	S	8089,15282770
275670	S	8089,15282771
275671	S	8089,15282772
275672	S	8089,15282773
275673	S	8089,15282774
275674	S	8089,15282775
275675	S	8089,15282776
275676	S	8089,15282777
275677	S	8089,15282778
275678	S	8089,15282779
275679	S	8089,15282780
275680	S	8089,15282781
275681	S	8089,15282782
275682	S	8089,15282783
275683	S	8089,15282784
275684	S	8089,15282785
275685	S	8089,15282786
275686	S	8089,15282787
275687	S	8090,15281884
275688	S	8090,15281885
275689	S	8090,15281886
275690	S	8090,15281887
275691	S	8090,15281888
275692	S	8090,15281889
275693	S	8090,15281890
275694	S	8090,15281891
275695	S	8090,15281892
275696	S	8090,15281893
275697	S	8090,15281894
275698	S	8090,15281895
275699	S	8090,15281896
275700	S	8090,15281897
275701	S	8090,15281898
275702	S	8090,15281899
275703	S	8090,15281900
275704	S	8090,15281901
275705	S	8090,15281902
275706	S	8090,15281903
275707	S	8090,15281904
275708	S	8090,15281905
275709	S	8090,15281906
275710	S	8090,15281907
276083	S	8116,15297234
276084	S	8116,15297235
276085	S	8116,15297236
276086	S	8116,15297237
276087	S	8116,15297238
276088	S	8116,15297239
276089	S	8116,15297240
276090	S	8116,15297241
276091	S	8116,15297242
276092	S	8116,15297243
276093	S	8116,15297244
276094	S	8116,15297245
276095	S	8116,15297246
276096	S	8116,15297247
276097	S	8116,15297248
276098	S	8116,15297249
276099	S	8116,15297250
276100	S	8116,15297251
276101	S	8116,15297252
276102	S	8116,15297253
276103	S	8116,15297254
276104	S	8116,15297255
276105	S	8116,15297256
276106	S	8116,15297257
276187	S	8091,15322130
276188	S	8091,15322131
276189	S	8091,15322132
276190	S	8091,15322133
276191	S	8091,15322134
276192	S	8091,15322135
276193	S	8091,15322136
276194	S	8091,15322137
276195	S	8092,15322506
276196	S	8092,15322507
276197	S	8092,15322508
276198	S	8092,15322509
276199	S	8092,15322510
276200	S	8092,15322511
276201	S	8092,15322512
276202	S	8092,15322513
276203	S	8093,15320890
276204	S	8093,15320891
276205	S	8093,15320892
276206	S	8093,15320893
276207	S	8093,15320894
276208	S	8093,15320895
276209	S	8093,15320896
276210	S	8093,15320897
276211	S	8093,15320898
276212	S	8093,15320899
276213	S	8093,15320900
276214	S	8093,15320901
276215	S	8093,15320902
276216	S	8093,15320903
276217	S	8093,15320904
276218	S	8093,15320905
276219	S	8093,15320906
276220	S	8093,15320907
276221	S	8093,15320908
276222	S	8093,15320909
276223	S	8093,15320910
276224	S	8093,15320911
276225	S	8093,15320912
276226	S	8093,15320913
276227	S	8094,15320234
276228	S	8094,15320235
276229	S	8094,15320236
276230	S	8094,15320237
276231	S	8094,15320238
276232	S	8094,15320239
276233	S	8094,15320240
276234	S	8094,15320241
276235	S	8094,15320242
276236	S	8094,15320243
276237	S	8094,15320244
276238	S	8094,15320245
276239	S	8094,15320246
276240	S	8094,15320247
276241	S	8094,15320248
276242	S	8094,15320249
276243	S	8094,15320250
276244	S	8094,15320251
276245	S	8094,15320252
276246	S	8094,15320253
276247	S	8094,15320254
276248	S	8094,15320255
276249	S	8094,15320256
276250	S	8094,15320257
276251	S	8095,15319338
276252	S	8095,15319339
276253	S	8095,15319340
276254	S	8095,15319341
276255	S	8095,15319342
276256	S	8095,15319343
276257	S	8095,15319344
276258	S	8095,15319345
276259	S	8095,15319346
276260	S	8095,15319347
276261	S	8095,15319348
276262	S	8095,15319349
276263	S	8095,15319350
276264	S	8095,15319351
276265	S	8095,15319352
276266	S	8095,15319353
276267	S	8095,15319354
276268	S	8095,15319355
276269	S	8095,15319356
276270	S	8095,15319357
276271	S	8095,15319358
276272	S	8095,15319359
276273	S	8095,15319360
276274	S	8095,15319361
276275	S	8096,15318634
276276	S	8096,15318635
276277	S	8096,15318636
276278	S	8096,15318637
276279	S	8096,15318638
276280	S	8096,15318639
276281	S	8096,15318640
276282	S	8096,15318641
276283	S	8096,15318642
276284	S	8096,15318643
276285	S	8096,15318644
276286	S	8096,15318645
276287	S	8096,15318646
276288	S	8096,15318647
276289	S	8096,15318648
276290	S	8096,15318649
276291	S	8096,15318650
276292	S	8096,15318651
276293	S	8096,15318652
276294	S	8096,15318653
276295	S	8096,15318654
276296	S	8096,15318655
276297	S	8096,15318656
276298	S	8096,15318657
276299	S	8096,15318658
276300	S	8096,15318659
276301	S	8096,15318660
276302	S	8096,15318661
276303	S	8096,15318662
276304	S	8096,15318663
276305	S	8096,15318664
276306	S	8096,15318665
276307	S	8096,15318666
276308	S	8096,15318667
276309	S	8096,15318668
276310	S	8096,15318669
276311	S	8096,15318670
276312	S	8096,15318671
276313	S	8096,15318672
276314	S	8096,15318673
276315	S	8097,15316954
276316	S	8097,15316955
276317	S	8097,15316956
276318	S	8097,15316957
276319	S	8097,15316958
276320	S	8097,15316959
276321	S	8097,15316960
276322	S	8097,15316961
276323	S	8097,15316962
276324	S	8097,15316963
276325	S	8097,15316964
276326	S	8097,15316965
276327	S	8097,15316966
276328	S	8097,15316967
276329	S	8097,15316968
276330	S	8097,15316969
276331	S	8097,15316970
276332	S	8097,15316971
276333	S	8097,15316972
276334	S	8097,15316973
276335	S	8097,15316974
276336	S	8097,15316975
276337	S	8097,15316976
276338	S	8097,15316977
276339	S	8098,15316146
276340	S	8098,15316147
276341	S	8098,15316148
276342	S	8098,15316149
276343	S	8098,15316150
276344	S	8098,15316151
276345	S	8098,15316152
276346	S	8098,15316153
276347	S	8098,15316154
276348	S	8098,15316155
276349	S	8098,15316156
276350	S	8098,15316157
276351	S	8098,15316158
276352	S	8098,15316159
276353	S	8098,15316160
276354	S	8098,15316161
276355	S	8098,15316162
276356	S	8098,15316163
276357	S	8098,15316164
276358	S	8098,15316165
276359	S	8098,15316166
276360	S	8098,15316167
276361	S	8098,15316168
276362	S	8098,15316169
276363	S	8098,15316170
276364	S	8098,15316171
276365	S	8098,15316172
276366	S	8098,15316173
276367	S	8098,15316174
276368	S	8098,15316175
276369	S	8098,15316176
276370	S	8098,15316177
276371	S	8098,15316178
276372	S	8098,15316179
276373	S	8098,15316180
276374	S	8098,15316181
276375	S	8098,15316182
276376	S	8098,15316183
276377	S	8098,15316184
276378	S	8098,15316185
276379	S	8099,15315738
276380	S	8099,15315739
276381	S	8099,15315740
276382	S	8099,15315741
276383	S	8099,15315742
276384	S	8099,15315743
276385	S	8099,15315744
276386	S	8099,15315745
276387	S	8099,15315746
276388	S	8099,15315747
276389	S	8099,15315748
276390	S	8099,15315749
276391	S	8099,15315750
276392	S	8099,15315751
276393	S	8099,15315752
276394	S	8099,15315753
276395	S	8099,15315754
276396	S	8099,15315755
276397	S	8099,15315756
276398	S	8099,15315757
276399	S	8099,15315758
276400	S	8099,15315759
276401	S	8099,15315760
276402	S	8099,15315761
276403	S	8100,15315146
276404	S	8100,15315147
276405	S	8100,15315148
276406	S	8100,15315149
276407	S	8100,15315150
276408	S	8100,15315151
276409	S	8100,15315152
276410	S	8100,15315153
276411	S	8100,15315154
276412	S	8100,15315155
276413	S	8100,15315156
276414	S	8100,15315157
276415	S	8100,15315158
276416	S	8100,15315159
276417	S	8100,15315160
276418	S	8100,15315161
276419	S	8100,15315162
276420	S	8100,15315163
276421	S	8100,15315164
276422	S	8100,15315165
276423	S	8100,15315166
276424	S	8100,15315167
276425	S	8100,15315168
276426	S	8100,15315169
276427	S	8101,15313762
276428	S	8101,15313763
276429	S	8101,15313764
276430	S	8101,15313765
276431	S	8101,15313766
276432	S	8101,15313767
276433	S	8101,15313768
276434	S	8101,15313769
276435	S	8101,15313770
276436	S	8101,15313771
276437	S	8101,15313772
276438	S	8101,15313773
276439	S	8101,15313774
276440	S	8101,15313775
276441	S	8101,15313776
276442	S	8101,15313777
276443	S	8101,15313778
276444	S	8101,15313779
276445	S	8101,15313780
276446	S	8101,15313781
276447	S	8101,15313782
276448	S	8101,15313783
276449	S	8101,15313784
276450	S	8101,15313785
276451	S	8102,15311866
276452	S	8102,15311867
276453	S	8102,15311868
276454	S	8102,15311869
276455	S	8102,15311870
276456	S	8102,15311871
276457	S	8102,15311872
276458	S	8102,15311873
276459	S	8102,15311874
276460	S	8102,15311875
276461	S	8102,15311876
276462	S	8102,15311877
276463	S	8102,15311878
276464	S	8102,15311879
276465	S	8102,15311880
276466	S	8102,15311881
276467	S	8102,15311882
276468	S	8102,15311883
276469	S	8102,15311884
276470	S	8102,15311885
276471	S	8102,15311886
276472	S	8102,15311887
276473	S	8102,15311888
276474	S	8102,15311889
276475	S	8103,15310810
276476	S	8103,15310811
276477	S	8103,15310812
276478	S	8103,15310813
276479	S	8103,15310814
276480	S	8103,15310815
276481	S	8103,15310816
276482	S	8103,15310817
276483	S	8103,15310818
276484	S	8103,15310819
276485	S	8103,15310820
276486	S	8103,15310821
276487	S	8103,15310822
276488	S	8103,15310823
276489	S	8103,15310824
276490	S	8103,15310825
276491	S	8103,15310826
276492	S	8103,15310827
276493	S	8103,15310828
276494	S	8103,15310829
276495	S	8103,15310830
276496	S	8103,15310831
276497	S	8103,15310832
276498	S	8103,15310833
276499	S	8104,15323298
276500	S	8104,15323299
276501	S	8104,15323300
276502	S	8104,15323301
276503	S	8104,15323302
276504	S	8104,15323303
276505	S	8104,15323304
276506	S	8104,15323305
276507	S	8104,15323306
276508	S	8104,15323307
276509	S	8104,15323308
276510	S	8104,15323309
276511	S	8104,15323310
276512	S	8104,15323311
276513	S	8104,15323312
276514	S	8104,15323313
276515	S	8104,15323314
276516	S	8104,15323315
276517	S	8104,15323316
276518	S	8104,15323317
276519	S	8104,15323318
276520	S	8104,15323319
276521	S	8104,15323320
276522	S	8104,15323321